[gd_scene load_steps=20 format=3 uid="uid://cfre02u3h2541"]

[ext_resource type="Script" uid="uid://b8f525xjxamr0" path="res://Scripts/city_center.gd" id="1_la81a"]
[ext_resource type="Texture2D" uid="uid://36by4xo2ne0d" path="res://Assets/Imported/grass_3.png" id="2_lwxhc"]
[ext_resource type="Texture2D" uid="uid://bmvv8l085mmwq" path="res://Assets/Imported/cobblestone_3.png" id="3_gh5ws"]
[ext_resource type="Texture2D" uid="uid://b25500jl3vwpi" path="res://Assets/Imported/dirty_1.png" id="3_lwxhc"]
[ext_resource type="Shader" uid="uid://cjubq8yq7u2yx" path="res://Shaders/grass.gdshader" id="4_etsnd"]
[ext_resource type="Texture2D" uid="uid://gtbjharmeq4d" path="res://Assets/Imported/dirty_3.png" id="4_i5dpb"]
[ext_resource type="Texture2D" uid="uid://xa2hvipi3fca" path="res://Shaders/GRASSJAM2.png" id="5_swef6"]

[sub_resource type="ProceduralSkyMaterial" id="ProceduralSkyMaterial_lwxhc"]
sky_top_color = Color(0.38431373, 0.3529412, 0.54901963, 1)
sky_horizon_color = Color(0.6627451, 0.67058825, 0.5568628, 1)
ground_bottom_color = Color(0.18335032, 0.14616019, 0.034928042, 1)
ground_horizon_color = Color(0.7915168, 0.5954092, 0.61906165, 1)
sun_angle_max = 18.5
sun_curve = 1.8829936
energy_multiplier = 0.75

[sub_resource type="Sky" id="Sky_gh5ws"]
sky_material = SubResource("ProceduralSkyMaterial_lwxhc")

[sub_resource type="Environment" id="Environment_etsnd"]
background_mode = 2
sky = SubResource("Sky_gh5ws")
tonemap_mode = 2
glow_enabled = true
glow_intensity = 0.05
fog_enabled = true
fog_light_energy = 0.3
fog_sun_scatter = 0.45
fog_sky_affect = 0.855

[sub_resource type="StandardMaterial3D" id="StandardMaterial3D_gh5ws"]
albedo_color = Color(0.6156863, 0.6666667, 0.7529412, 1)
albedo_texture = ExtResource("2_lwxhc")
uv1_scale = Vector3(23.12, 23.12, 23.12)

[sub_resource type="StandardMaterial3D" id="StandardMaterial3D_swef6"]
albedo_texture = ExtResource("3_lwxhc")

[sub_resource type="StandardMaterial3D" id="StandardMaterial3D_1t63h"]
albedo_texture = ExtResource("4_i5dpb")

[sub_resource type="FastNoiseLite" id="FastNoiseLite_nac5s"]
fractal_octaves = 2

[sub_resource type="NoiseTexture2D" id="NoiseTexture2D_i5dpb"]
noise = SubResource("FastNoiseLite_nac5s")
seamless = true
as_normal_map = true

[sub_resource type="ShaderMaterial" id="ShaderMaterial_wbbc4"]
render_priority = 0
shader = ExtResource("4_etsnd")
shader_parameter/albedo = ExtResource("5_swef6")
shader_parameter/wind_noise = SubResource("NoiseTexture2D_i5dpb")
shader_parameter/wind_speed = 0.1
shader_parameter/wind_scale = 30.0
shader_parameter/wind_strength = 0.2
shader_parameter/angle = 0.0

[sub_resource type="QuadMesh" id="QuadMesh_1t63h"]
material = SubResource("ShaderMaterial_wbbc4")
center_offset = Vector3(0, 0.5, 0)

[sub_resource type="StandardMaterial3D" id="StandardMaterial3D_etsnd"]
albedo_texture = ExtResource("3_gh5ws")

[sub_resource type="BoxShape3D" id="BoxShape3D_lwxhc"]
size = Vector3(38.9104, 16.067627, 1)

[node name="CityCenter" type="Node3D"]
script = ExtResource("1_la81a")

[node name="WorldEnvironment" type="WorldEnvironment" parent="."]
environment = SubResource("Environment_etsnd")

[node name="DirectionalLight3D" type="DirectionalLight3D" parent="."]
transform = Transform3D(-0.8660254, -0.43301278, 0.25, 0, 0.49999997, 0.86602545, -0.50000006, 0.75, -0.43301266, 0, 0, 0)
shadow_enabled = true

[node name="City" type="CSGCombiner3D" parent="."]
transform = Transform3D(5.5887423, 0, 0, 0, 1, 0, 0, 0, 4.678951, 4.18157, 0.31652832, 0.070453644)
use_collision = true

[node name="Ground" type="CSGBox3D" parent="City"]
transform = Transform3D(7.6658883, 0, 0, 0, 1.003867, 0, 0, 0, 10.026607, -0.069247484, 0, 0)
material = SubResource("StandardMaterial3D_gh5ws")

[node name="Flooring" type="Node3D" parent="City"]

[node name="MiddleBox" type="CSGBox3D" parent="City/Flooring"]
transform = Transform3D(1, 0, 0, 0, 1, 0, 0, 0, 1, -0.1450988, 0.32809782, 4.927513)
size = Vector3(1, 0.5, 1)
material = SubResource("StandardMaterial3D_swef6")

[node name="MiddleBox2" type="CSGBox3D" parent="City/Flooring"]
transform = Transform3D(1, 0, 0, 0, 1, 0, 0, 0, 1, -0.1450988, 0.32809782, 3.961898)
size = Vector3(1, 0.5, 1)
material = SubResource("StandardMaterial3D_swef6")

[node name="MiddleBox3" type="CSGBox3D" parent="City/Flooring"]
transform = Transform3D(1, 0, 0, 0, 1, 0, 0, 0, 1, -0.1450988, 0.32809782, 2.9631567)
size = Vector3(1, 0.5, 1)
material = SubResource("StandardMaterial3D_swef6")

[node name="MiddleBox4" type="CSGBox3D" parent="City/Flooring"]
transform = Transform3D(1, 0, 0, 0, 1, 0, 0, 0, 1, -0.1450988, 0.32809782, 1.9667327)
size = Vector3(1, 0.5, 1)
material = SubResource("StandardMaterial3D_swef6")

[node name="MiddleBox5" type="CSGBox3D" parent="City/Flooring"]
transform = Transform3D(1, 0, 0, 0, 1, 0, 0, 0, 1, -0.1450988, 0.32809782, 0.9779782)
size = Vector3(1, 0.5, 1)
material = SubResource("StandardMaterial3D_swef6")

[node name="MiddleBox6" type="CSGBox3D" parent="City/Flooring"]
transform = Transform3D(1, 0, 0, 0, 1, 0, 0, 0, 1, -0.1450988, 0.32809782, -0.017667059)
size = Vector3(1, 0.5, 1)
material = SubResource("StandardMaterial3D_swef6")

[node name="MiddleBox7" type="CSGBox3D" parent="City/Flooring"]
transform = Transform3D(1, 0, 0, 0, 1, 0, 0, 0, 1, -0.1450988, 0.32809782, -1.0140911)
size = Vector3(1, 0.5, 1)
material = SubResource("StandardMaterial3D_swef6")

[node name="MiddleBox8" type="CSGBox3D" parent="City/Flooring"]
transform = Transform3D(1, 0, 0, 0, 1, 0, 0, 0, 1, -0.1450988, 0.32809782, -2.0028455)
size = Vector3(1, 0.5, 1)
material = SubResource("StandardMaterial3D_swef6")

[node name="MiddleBox9" type="CSGBox3D" parent="City/Flooring"]
transform = Transform3D(1, 0, 0, 0, 1, 0, 0, 0, 1, -0.1450988, 0.32809782, -3.0069983)
size = Vector3(1, 0.5, 1)
material = SubResource("StandardMaterial3D_swef6")

[node name="MiddleBox10" type="CSGBox3D" parent="City/Flooring"]
transform = Transform3D(1, 0, 0, 0, 1, 0, 0, 0, 1, -0.1450988, 0.32809782, -4.0034227)
size = Vector3(1, 0.5, 1)
material = SubResource("StandardMaterial3D_swef6")

[node name="MiddleBox11" type="CSGBox3D" parent="City/Flooring"]
transform = Transform3D(1, 0, 0, 0, 1, 0, 0, 0, 1, -0.1450988, 0.32809782, -4.9921765)
size = Vector3(1, 0.5, 1)
material = SubResource("StandardMaterial3D_swef6")

[node name="MiddleBox12" type="CSGBox3D" parent="City/Flooring"]
transform = Transform3D(-4.3711385e-08, 0, -0.9999999, 0, 1, 0, 1, 0, -4.3711385e-08, -4.2887144, 0.32809782, -0.012309469)
size = Vector3(1, 0.5, 1)
material = SubResource("StandardMaterial3D_swef6")

[node name="MiddleBox26" type="CSGBox3D" parent="City/Flooring"]
transform = Transform3D(-4.3671093e-08, 0.04292191, -0.9990781, 1.8761768e-09, 0.9990784, 0.04292193, 1, 7.336375e-16, -4.3711385e-08, -5.2593136, -0.7679095, -0.012309469)
material_override = SubResource("StandardMaterial3D_1t63h")
size = Vector3(1, 16.443878, 1)
material = SubResource("StandardMaterial3D_swef6")

[node name="MiddleBox13" type="CSGBox3D" parent="City/Flooring"]
transform = Transform3D(-4.3711385e-08, 0, -0.9999999, 0, 1, 0, 1, 0, -4.3711385e-08, -3.4802935, 0.32809782, -0.014163277)
size = Vector3(1, 0.5, 1)
material = SubResource("StandardMaterial3D_swef6")

[node name="MiddleBox14" type="CSGBox3D" parent="City/Flooring"]
transform = Transform3D(-4.3711385e-08, 0, -0.9999999, 0, 1, 0, 1, 0, -4.3711385e-08, -2.6441388, 0.32809782, -0.016080681)
size = Vector3(1, 0.5, 1)
material = SubResource("StandardMaterial3D_swef6")

[node name="MiddleBox15" type="CSGBox3D" parent="City/Flooring"]
transform = Transform3D(-4.3711385e-08, 0, -0.9999999, 0, 1, 0, 1, 0, -4.3711385e-08, -1.8099244, 0.32809782, -0.017993636)
size = Vector3(1, 0.5, 1)
material = SubResource("StandardMaterial3D_swef6")

[node name="MiddleBox16" type="CSGBox3D" parent="City/Flooring"]
transform = Transform3D(-4.3711385e-08, 0, -0.9999999, 0, 1, 0, 1, 0, -4.3711385e-08, -0.98213065, 0.32809782, -0.019891867)
size = Vector3(1, 0.5, 1)
material = SubResource("StandardMaterial3D_swef6")

[node name="MiddleBox17" type="CSGBox3D" parent="City/Flooring"]
transform = Transform3D(-4.3711385e-08, 0, -0.9999999, 0, 1, 0, 1, 0, -4.3711385e-08, -0.9821306, 0.32809782, -0.9872302)
size = Vector3(1, 0.5, 1)
material = SubResource("StandardMaterial3D_swef6")

[node name="MiddleBox23" type="CSGBox3D" parent="City/Flooring"]
transform = Transform3D(-4.3711385e-08, 0, -0.9999999, 0, 1, 0, 1, 0, -4.3711385e-08, 0.7378199, 0.32809782, -0.9872302)
size = Vector3(1, 0.5, 1)
material = SubResource("StandardMaterial3D_swef6")

[node name="MiddleBox24" type="CSGBox3D" parent="City/Flooring"]
transform = Transform3D(-4.3711385e-08, 0, -0.9999999, 0, 1, 0, 1, 0, -4.3711385e-08, 0.7378199, 0.32809782, 0.9504572)
size = Vector3(1, 0.5, 1)
material = SubResource("StandardMaterial3D_swef6")

[node name="MiddleBox25" type="CSGBox3D" parent="City/Flooring"]
transform = Transform3D(-4.3711385e-08, 0, -0.9999999, 0, 1, 0, 1, 0, -4.3711385e-08, -1.1268455, 0.32809782, 0.9504572)
size = Vector3(1, 0.5, 1)
material = SubResource("StandardMaterial3D_swef6")

[node name="MiddleBox18" type="CSGBox3D" parent="City/Flooring"]
transform = Transform3D(-4.3711385e-08, 0, -0.9999999, 0, 1, 0, 1, 0, -4.3711385e-08, 0.68564653, 0.32809782, -0.023716282)
size = Vector3(1, 0.5, 1)
material = SubResource("StandardMaterial3D_swef6")

[node name="MiddleBox19" type="CSGBox3D" parent="City/Flooring"]
transform = Transform3D(-4.3711385e-08, 0, -0.9999999, 0, 1, 0, 1, 0, -4.3711385e-08, 1.5134399, 0.32809782, -0.025614515)
size = Vector3(1, 0.5, 1)
material = SubResource("StandardMaterial3D_swef6")

[node name="MiddleBox20" type="CSGBox3D" parent="City/Flooring"]
transform = Transform3D(-4.3711385e-08, 0, -0.9999999, 0, 1, 0, 1, 0, -4.3711385e-08, 2.3541253, 0.32809782, -0.027542308)
size = Vector3(1, 0.5, 1)
material = SubResource("StandardMaterial3D_swef6")

[node name="MiddleBox21" type="CSGBox3D" parent="City/Flooring"]
transform = Transform3D(-4.3711385e-08, 0, -0.9999999, 0, 1, 0, 1, 0, -4.3711385e-08, 3.1883402, 0.32809782, -0.029455265)
size = Vector3(1, 0.5, 1)
material = SubResource("StandardMaterial3D_swef6")

[node name="MiddleBox22" type="CSGBox3D" parent="City/Flooring"]
transform = Transform3D(-4.3711385e-08, 0, -0.9999999, 0, 1, 0, 1, 0, -4.3711385e-08, 4.0161333, 0.32809782, -0.031353496)
size = Vector3(1, 0.5, 1)
material = SubResource("StandardMaterial3D_swef6")

[node name="Grass" type="Node3D" parent="City"]
transform = Transform3D(0.17893113, 0, 0, 0, 1, 0, 7.5929706e-16, 0, 0.21372312, -0.7482127, 0.4531753, -0.015057165)

[node name="GrassInstance2" type="MeshInstance3D" parent="City/Grass"]
transform = Transform3D(1, 0, 0, 0, 1, 0, 0, 0, 1, -13.690069, -4.7683716e-07, 4.4474087)
mesh = SubResource("QuadMesh_1t63h")
skeleton = NodePath("../../..")

[node name="GrassInstance" type="MeshInstance3D" parent="City/Grass"]
transform = Transform3D(1, 0, 0, 0, 1, 0, 0, 0, 1, -15.212519, 0, 3.53857)
mesh = SubResource("QuadMesh_1t63h")
skeleton = NodePath("../../..")

[node name="GrassInstance3" type="MeshInstance3D" parent="City/Grass"]
transform = Transform3D(1, 0, 0, 0, 1, 0, 0, 0, 1, -11.061161, 0, 3.328867)
mesh = SubResource("QuadMesh_1t63h")
skeleton = NodePath("../../..")

[node name="GrassInstance4" type="MeshInstance3D" parent="City/Grass"]
transform = Transform3D(1, 0, 0, 0, 1, 0, 0, 0, 1, -10.0190525, 0, 4.407113)
mesh = SubResource("QuadMesh_1t63h")
skeleton = NodePath("../../..")

[node name="GrassInstance5" type="MeshInstance3D" parent="City/Grass"]
transform = Transform3D(1, 0, 0, 0, 1, 0, 0, 0, 1, -8.358215, 0, 3.328867)
mesh = SubResource("QuadMesh_1t63h")
skeleton = NodePath("../../..")

[node name="GrassInstance6" type="MeshInstance3D" parent="City/Grass"]
transform = Transform3D(1, 0, 0, 0, 1, 0, 0, 0, 1, -10.592339, 0, 6.3964105)
mesh = SubResource("QuadMesh_1t63h")
skeleton = NodePath("../../..")

[node name="GrassInstance7" type="MeshInstance3D" parent="City/Grass"]
transform = Transform3D(1, 0, 0, 0, 1, 0, 0, 0, 1, -5.9141545, 0, -6.106216)
mesh = SubResource("QuadMesh_1t63h")
skeleton = NodePath("../../..")

[node name="GrassInstance8" type="MeshInstance3D" parent="City/Grass"]
transform = Transform3D(1, 0, 0, 0, 1, 0, 0, 0, 1, -13.500441, -4.7683716e-07, 8.71821)
mesh = SubResource("QuadMesh_1t63h")
skeleton = NodePath("../../..")

[node name="GrassInstance9" type="MeshInstance3D" parent="City/Grass"]
transform = Transform3D(1, 0, 0, 0, 1, 0, 0, 0, 1, -10.846249, 0, 8.214193)
mesh = SubResource("QuadMesh_1t63h")
skeleton = NodePath("../../..")

[node name="GrassInstance10" type="MeshInstance3D" parent="City/Grass"]
transform = Transform3D(1, 0, 0, 0, 1, 0, 0, 0, 1, -12.721999, 0, -4.6776247)
mesh = SubResource("QuadMesh_1t63h")
skeleton = NodePath("../../..")

[node name="GrassInstance11" type="MeshInstance3D" parent="City/Grass"]
transform = Transform3D(1, 0, 0, 0, 1, 0, 0, 0, 1, -11.061161, 0, -6.6946516)
mesh = SubResource("QuadMesh_1t63h")
skeleton = NodePath("../../..")

[node name="GrassInstance12" type="MeshInstance3D" parent="City/Grass"]
transform = Transform3D(0.644951, 0, -0.76422393, 0, 1, 0, 0.76422393, 0, 0.644951, -7.453144, 0, -6.936426)
mesh = SubResource("QuadMesh_1t63h")
skeleton = NodePath("../../..")

[node name="GrassInstance13" type="MeshInstance3D" parent="City/Grass"]
transform = Transform3D(0.644951, 0, -0.76422393, 0, 1, 0, 0.76422393, 0, 0.644951, -8.101963, 0, -4.2156343)
mesh = SubResource("QuadMesh_1t63h")
skeleton = NodePath("../../..")

[node name="GrassInstance14" type="MeshInstance3D" parent="City/Grass"]
transform = Transform3D(0.644951, 0, -0.76422393, 0, 1, 0, 0.76422393, 0, 0.644951, -8.253876, 0, -2.723814)
mesh = SubResource("QuadMesh_1t63h")
skeleton = NodePath("../../..")

[node name="GrassInstance15" type="MeshInstance3D" parent="City/Grass"]
transform = Transform3D(0.644951, 0, -0.76422393, 0, 1, 0, 0.76422393, 0, 0.644951, -6.358696, 0, -2.1499784)
mesh = SubResource("QuadMesh_1t63h")
skeleton = NodePath("../../..")

[node name="GrassInstance16" type="MeshInstance3D" parent="City/Grass"]
transform = Transform3D(0.644951, 0, -0.76422393, 0, 1, 0, 0.76422393, 0, 0.644951, -9.384796, 0, -10.599827)
mesh = SubResource("QuadMesh_1t63h")
skeleton = NodePath("../../..")

[node name="GrassInstance17" type="MeshInstance3D" parent="City/Grass"]
transform = Transform3D(0.644951, 0, -0.76422393, 0, 1, 0, 0.76422393, 0, 0.644951, -10.84659, 0, -9.992809)
mesh = SubResource("QuadMesh_1t63h")
skeleton = NodePath("../../..")

[node name="GrassInstance18" type="MeshInstance3D" parent="City/Grass"]
transform = Transform3D(0.644951, 0, -0.76422393, 0, 1, 0, 0.76422393, 0, 0.644951, -8.449411, 0, -6.6969814)
mesh = SubResource("QuadMesh_1t63h")
skeleton = NodePath("../../..")

[node name="GrassInstance19" type="MeshInstance3D" parent="City/Grass"]
transform = Transform3D(0.644951, 0, -0.76422393, 0, 1, 0, 0.76422393, 0, 0.644951, -3.703189, 0, -7.927889)
mesh = SubResource("QuadMesh_1t63h")
skeleton = NodePath("../../..")

[node name="GrassInstance20" type="MeshInstance3D" parent="City/Grass"]
transform = Transform3D(0.644951, 0, -0.76422393, 0, 1, 0, 0.76422393, 0, 0.644951, -3.0543694, 0, -10.648681)
mesh = SubResource("QuadMesh_1t63h")
skeleton = NodePath("../../..")

[node name="GrassInstance21" type="MeshInstance3D" parent="City/Grass"]
transform = Transform3D(1, 0, 0, 0, 1, 0, 0, 0, 1, -11.061161, 0, 12.124329)
mesh = SubResource("QuadMesh_1t63h")
skeleton = NodePath("../../..")

[node name="GrassInstance22" type="MeshInstance3D" parent="City/Grass"]
transform = Transform3D(1, 0, 0, 0, 1, 0, 0, 0, 1, -12.721999, 0, 13.202575)
mesh = SubResource("QuadMesh_1t63h")
skeleton = NodePath("../../..")

[node name="GrassInstance23" type="MeshInstance3D" parent="City/Grass"]
transform = Transform3D(1, 0, 0, 0, 1, 0, 0, 0, 1, -11.061161, 0, 15.453196)
mesh = SubResource("QuadMesh_1t63h")
skeleton = NodePath("../../..")

[node name="GrassInstance24" type="MeshInstance3D" parent="City/Grass"]
transform = Transform3D(1, 0, 0, 0, 1, 0, 0, 0, 1, -10.0190525, 0, 16.53144)
mesh = SubResource("QuadMesh_1t63h")
skeleton = NodePath("../../..")

[node name="GrassInstance25" type="MeshInstance3D" parent="City/Grass"]
transform = Transform3D(1, 0, 0, 0, 1, 0, 0, 0, 1, -8.358215, 0, 15.453196)
mesh = SubResource("QuadMesh_1t63h")
skeleton = NodePath("../../..")

[node name="GrassInstance26" type="MeshInstance3D" parent="City/Grass"]
transform = Transform3D(1, 0, 0, 0, 1, 0, 0, 0, 1, -5.431502, 0, 14.118377)
mesh = SubResource("QuadMesh_1t63h")
skeleton = NodePath("../../..")

[node name="GrassInstance27" type="MeshInstance3D" parent="City/Grass"]
transform = Transform3D(1, 0, 0, 0, 1, 0, 0, 0, 1, -3.7706637, 0, 13.040131)
mesh = SubResource("QuadMesh_1t63h")
skeleton = NodePath("../../..")

[node name="GrassInstance28" type="MeshInstance3D" parent="City/Grass"]
transform = Transform3D(1, 0, 0, 0, 1, 0, 0, 0, 1, -13.181554, 0, 14.118377)
mesh = SubResource("QuadMesh_1t63h")
skeleton = NodePath("../../..")

[node name="GrassInstance29" type="MeshInstance3D" parent="City/Grass"]
transform = Transform3D(1, 0, 0, 0, 1, 0, 0, 0, 1, -11.061161, 0, 9.697325)
mesh = SubResource("QuadMesh_1t63h")
skeleton = NodePath("../../..")

[node name="GrassInstance30" type="MeshInstance3D" parent="City/Grass"]
transform = Transform3D(1, 0, 0, 0, 1, 0, 0, 0, 1, -12.721999, 0, 7.446704)
mesh = SubResource("QuadMesh_1t63h")
skeleton = NodePath("../../..")

[node name="GrassInstance31" type="MeshInstance3D" parent="City/Grass"]
transform = Transform3D(1, 0, 0, 0, 1, 0, 0, 0, 1, -11.061161, 0, 5.429677)
mesh = SubResource("QuadMesh_1t63h")
skeleton = NodePath("../../..")

[node name="GrassInstance32" type="MeshInstance3D" parent="City/Grass"]
transform = Transform3D(0.644951, 0, -0.76422393, 0, 1, 0, 0.76422393, 0, 0.644951, -7.453144, 0, 5.1879025)
mesh = SubResource("QuadMesh_1t63h")
skeleton = NodePath("../../..")

[node name="GrassInstance33" type="MeshInstance3D" parent="City/Grass"]
transform = Transform3D(0.644951, 0, -0.76422393, 0, 1, 0, 0.76422393, 0, 0.644951, -8.101963, 0, 7.9086943)
mesh = SubResource("QuadMesh_1t63h")
skeleton = NodePath("../../..")

[node name="GrassInstance34" type="MeshInstance3D" parent="City/Grass"]
transform = Transform3D(0.644951, 0, -0.76422393, 0, 1, 0, 0.76422393, 0, 0.644951, -8.253876, 0, 9.400515)
mesh = SubResource("QuadMesh_1t63h")
skeleton = NodePath("../../..")

[node name="GrassInstance35" type="MeshInstance3D" parent="City/Grass"]
transform = Transform3D(0.644951, 0, -0.76422393, 0, 1, 0, 0.76422393, 0, 0.644951, -6.358696, 0, 9.97435)
mesh = SubResource("QuadMesh_1t63h")
skeleton = NodePath("../../..")

[node name="GrassInstance36" type="MeshInstance3D" parent="City/Grass"]
transform = Transform3D(0.644951, 0, -0.76422393, 0, 1, 0, 0.76422393, 0, 0.644951, -3.4510086, 0, 11.350122)
mesh = SubResource("QuadMesh_1t63h")
skeleton = NodePath("../../..")

[node name="GrassInstance37" type="MeshInstance3D" parent="City/Grass"]
transform = Transform3D(0.644951, 0, -0.76422393, 0, 1, 0, 0.76422393, 0, 0.644951, -1.5558281, 0, 11.923959)
mesh = SubResource("QuadMesh_1t63h")
skeleton = NodePath("../../..")

[node name="GrassInstance38" type="MeshInstance3D" parent="City/Grass"]
transform = Transform3D(0.644951, 0, -0.76422393, 0, 1, 0, 0.76422393, 0, 0.644951, -8.449411, 0, 5.427347)
mesh = SubResource("QuadMesh_1t63h")
skeleton = NodePath("../../..")

[node name="GrassInstance39" type="MeshInstance3D" parent="City/Grass"]
transform = Transform3D(0.644951, 0, -0.76422393, 0, 1, 0, 0.76422393, 0, 0.644951, -5.7270083, 0, 3.8093748)
mesh = SubResource("QuadMesh_1t63h")
skeleton = NodePath("../../..")

[node name="GrassInstance40" type="MeshInstance3D" parent="City/Grass"]
transform = Transform3D(0.644951, 0, -0.76422393, 0, 1, 0, 0.76422393, 0, 0.644951, -9.889269, 0, -8.98391)
mesh = SubResource("QuadMesh_1t63h")
skeleton = NodePath("../../..")

[node name="GrassInstance41" type="MeshInstance3D" parent="City/Grass"]
transform = Transform3D(1, 0, 0, 0, 1, 0, 0, 0, 1, 11.739622, -0.0035233498, 12.124329)
mesh = SubResource("QuadMesh_1t63h")
skeleton = NodePath("../../..")

[node name="GrassInstance42" type="MeshInstance3D" parent="City/Grass"]
transform = Transform3D(1, 0, 0, 0, 1, 0, 0, 0, 1, 10.078783, -0.0035233498, 13.202575)
mesh = SubResource("QuadMesh_1t63h")
skeleton = NodePath("../../..")

[node name="GrassInstance43" type="MeshInstance3D" parent="City/Grass"]
transform = Transform3D(1, 0, 0, 0, 1, 0, 0, 0, 1, 11.739622, -0.0035233498, 15.453196)
mesh = SubResource("QuadMesh_1t63h")
skeleton = NodePath("../../..")

[node name="GrassInstance44" type="MeshInstance3D" parent="City/Grass"]
transform = Transform3D(1, 0, 0, 0, 1, 0, 0, 0, 1, 12.781731, -0.0035233498, 16.53144)
mesh = SubResource("QuadMesh_1t63h")
skeleton = NodePath("../../..")

[node name="GrassInstance45" type="MeshInstance3D" parent="City/Grass"]
transform = Transform3D(1, 0, 0, 0, 1, 0, 0, 0, 1, 6.6945686, 0, 15.453196)
mesh = SubResource("QuadMesh_1t63h")
skeleton = NodePath("../../..")

[node name="GrassInstance46" type="MeshInstance3D" parent="City/Grass"]
transform = Transform3D(1, 0, 0, 0, 1, 0, 0, 0, 1, 9.621283, 0, 14.118377)
mesh = SubResource("QuadMesh_1t63h")
skeleton = NodePath("../../..")

[node name="GrassInstance47" type="MeshInstance3D" parent="City/Grass"]
transform = Transform3D(1, 0, 0, 0, 1, 0, 0, 0, 1, 11.28212, 0, 13.040131)
mesh = SubResource("QuadMesh_1t63h")
skeleton = NodePath("../../..")

[node name="GrassInstance48" type="MeshInstance3D" parent="City/Grass"]
transform = Transform3D(1, 0, 0, 0, 1, 0, 0, 0, 1, -3.5243015, 0, 15.005689)
mesh = SubResource("QuadMesh_1t63h")
skeleton = NodePath("../../..")

[node name="GrassInstance49" type="MeshInstance3D" parent="City/Grass"]
transform = Transform3D(1, 0, 0, 0, 1, 0, 0, 0, 1, -1.6502314, 0, 10.372711)
mesh = SubResource("QuadMesh_1t63h")
skeleton = NodePath("../../..")

[node name="GrassInstance50" type="MeshInstance3D" parent="City/Grass"]
transform = Transform3D(1, 0, 0, 0, 1, 0, 0, 0, 1, -3.1501565, 0, 9.540152)
mesh = SubResource("QuadMesh_1t63h")
skeleton = NodePath("../../..")

[node name="GrassInstance51" type="MeshInstance3D" parent="City/Grass"]
transform = Transform3D(1, 0, 0, 0, 1, 0, 0, 0, 1, -0.17616129, -4.7683716e-07, 7.409382)
mesh = SubResource("QuadMesh_1t63h")
skeleton = NodePath("../../..")

[node name="GrassInstance52" type="MeshInstance3D" parent="City/Grass"]
transform = Transform3D(0.644951, 0, -0.76422393, 0, 1, 0, 0.76422393, 0, 0.644951, 9.686592, 0, 8.263378)
mesh = SubResource("QuadMesh_1t63h")
skeleton = NodePath("../../..")

[node name="GrassInstance53" type="MeshInstance3D" parent="City/Grass"]
transform = Transform3D(0.644951, 0, -0.76422393, 0, 1, 0, 0.76422393, 0, 0.644951, 6.950821, 0, 7.9086943)
mesh = SubResource("QuadMesh_1t63h")
skeleton = NodePath("../../..")

[node name="GrassInstance54" type="MeshInstance3D" parent="City/Grass"]
transform = Transform3D(0.644951, 0, -0.76422393, 0, 1, 0, 0.76422393, 0, 0.644951, 6.798908, 0, 9.400515)
mesh = SubResource("QuadMesh_1t63h")
skeleton = NodePath("../../..")

[node name="GrassInstance55" type="MeshInstance3D" parent="City/Grass"]
transform = Transform3D(0.644951, 0, -0.76422393, 0, 1, 0, 0.76422393, 0, 0.644951, 8.694088, 0, 9.97435)
mesh = SubResource("QuadMesh_1t63h")
skeleton = NodePath("../../..")

[node name="GrassInstance56" type="MeshInstance3D" parent="City/Grass"]
transform = Transform3D(0.644951, 0, -0.76422393, 0, 1, 0, 0.76422393, 0, 0.644951, 11.601775, 0, 11.350122)
mesh = SubResource("QuadMesh_1t63h")
skeleton = NodePath("../../..")

[node name="GrassInstance57" type="MeshInstance3D" parent="City/Grass"]
transform = Transform3D(0.644951, 0, -0.76422393, 0, 1, 0, 0.76422393, 0, 0.644951, 13.496956, 0, 11.923959)
mesh = SubResource("QuadMesh_1t63h")
skeleton = NodePath("../../..")

[node name="GrassInstance58" type="MeshInstance3D" parent="City/Grass"]
transform = Transform3D(0.644951, 0, -0.76422393, 0, 1, 0, 0.76422393, 0, 0.644951, 12.575823, 0, 12.866339)
mesh = SubResource("QuadMesh_1t63h")
skeleton = NodePath("../../..")

[node name="GrassInstance59" type="MeshInstance3D" parent="City/Grass"]
transform = Transform3D(0.644951, 0, -0.76422393, 0, 1, 0, 0.76422393, 0, 0.644951, 7.576533, 0, 13.954817)
mesh = SubResource("QuadMesh_1t63h")
skeleton = NodePath("../../..")

[node name="GrassInstance60" type="MeshInstance3D" parent="City/Grass"]
transform = Transform3D(0.644951, 0, -0.76422393, 0, 1, 0, 0.76422393, 0, 0.644951, 14.82456, 0, 5.51659)
mesh = SubResource("QuadMesh_1t63h")
skeleton = NodePath("../../..")

[node name="GrassInstance61" type="MeshInstance3D" parent="City/Grass"]
transform = Transform3D(1, 0, 0, 0, 1, 0, 0, 0, 1, -12.859325, 0, -14.713745)
mesh = SubResource("QuadMesh_1t63h")
skeleton = NodePath("../../..")

[node name="GrassInstance62" type="MeshInstance3D" parent="City/Grass"]
transform = Transform3D(1, 0, 0, 0, 1, 0, 0, 0, 1, -2.0962777, 0, -14.371405)
mesh = SubResource("QuadMesh_1t63h")
skeleton = NodePath("../../..")

[node name="GrassInstance63" type="MeshInstance3D" parent="City/Grass"]
transform = Transform3D(1, 0, 0, 0, 1, 0, 0, 0, 1, -5.7105427, 0, -3.426293)
mesh = SubResource("QuadMesh_1t63h")
skeleton = NodePath("../../..")

[node name="GrassInstance64" type="MeshInstance3D" parent="City/Grass"]
transform = Transform3D(1, 0, 0, 0, 1, 0, 0, 0, 1, -0.4205861, 0, -7.6364183)
mesh = SubResource("QuadMesh_1t63h")
skeleton = NodePath("../../..")

[node name="GrassInstance65" type="MeshInstance3D" parent="City/Grass"]
transform = Transform3D(1, 0, 0, 0, 1, 0, 0, 0, 1, 7.0266824, 0, -7.3687215)
mesh = SubResource("QuadMesh_1t63h")
skeleton = NodePath("../../..")

[node name="GrassInstance66" type="MeshInstance3D" parent="City/Grass"]
transform = Transform3D(1, 0, 0, 0, 1, 0, 0, 0, 1, 13.620491, 0, -15.787405)
mesh = SubResource("QuadMesh_1t63h")
skeleton = NodePath("../../..")

[node name="GrassInstance67" type="MeshInstance3D" parent="City/Grass"]
transform = Transform3D(1, 0, 0, 0, 1, 0, 0, 0, 1, 11.28212, 0, -7.415045)
mesh = SubResource("QuadMesh_1t63h")
skeleton = NodePath("../../..")

[node name="GrassInstance68" type="MeshInstance3D" parent="City/Grass"]
transform = Transform3D(1, 0, 0, 0, 1, 0, 0, 0, 1, -14.132843, 0, -3.909009)
mesh = SubResource("QuadMesh_1t63h")
skeleton = NodePath("../../..")

[node name="GrassInstance69" type="MeshInstance3D" parent="City/Grass"]
transform = Transform3D(1, 0, 0, 0, 1, 0, 0, 0, 1, -13.688375, 0, -19.85708)
mesh = SubResource("QuadMesh_1t63h")
skeleton = NodePath("../../..")

[node name="GrassInstance70" type="MeshInstance3D" parent="City/Grass"]
transform = Transform3D(1, 0, 0, 0, 1, 0, 0, 0, 1, 11.341309, 0, -15.320412)
mesh = SubResource("QuadMesh_1t63h")
skeleton = NodePath("../../..")

[node name="GrassInstance71" type="MeshInstance3D" parent="City/Grass"]
transform = Transform3D(1, 0, 0, 0, 1, 0, 0, 0, 1, -0.47547483, 4.7683716e-07, -11.954511)
mesh = SubResource("QuadMesh_1t63h")
skeleton = NodePath("../../..")

[node name="GrassInstance72" type="MeshInstance3D" parent="City/Grass"]
transform = Transform3D(0.644951, 0, -0.76422393, 0, 1, 0, 0.76422393, 0, 0.644951, 7.59964, 0, -15.267273)
mesh = SubResource("QuadMesh_1t63h")
skeleton = NodePath("../../..")

[node name="GrassInstance73" type="MeshInstance3D" parent="City/Grass"]
transform = Transform3D(0.644951, 0, -0.76422393, 0, 1, 0, 0.76422393, 0, 0.644951, 6.950821, 0, -12.546481)
mesh = SubResource("QuadMesh_1t63h")
skeleton = NodePath("../../..")

[node name="GrassInstance74" type="MeshInstance3D" parent="City/Grass"]
transform = Transform3D(0.644951, 0, -0.76422393, 0, 1, 0, 0.76422393, 0, 0.644951, 6.798908, 0, -11.054661)
mesh = SubResource("QuadMesh_1t63h")
skeleton = NodePath("../../..")

[node name="GrassInstance75" type="MeshInstance3D" parent="City/Grass"]
transform = Transform3D(0.644951, 0, -0.76422393, 0, 1, 0, 0.76422393, 0, 0.644951, 8.694088, 0, -10.480825)
mesh = SubResource("QuadMesh_1t63h")
skeleton = NodePath("../../..")

[node name="GrassInstance76" type="MeshInstance3D" parent="City/Grass"]
transform = Transform3D(0.644951, 0, -0.76422393, 0, 1, 0, 0.76422393, 0, 0.644951, 11.601775, 0, -9.105053)
mesh = SubResource("QuadMesh_1t63h")
skeleton = NodePath("../../..")

[node name="GrassInstance77" type="MeshInstance3D" parent="City/Grass"]
transform = Transform3D(0.644951, 0, -0.76422393, 0, 1, 0, 0.76422393, 0, 0.644951, 13.496956, 0, -8.531217)
mesh = SubResource("QuadMesh_1t63h")
skeleton = NodePath("../../..")

[node name="GrassInstance78" type="MeshInstance3D" parent="City/Grass"]
transform = Transform3D(0.644951, 0, -0.76422393, 0, 1, 0, 0.76422393, 0, 0.644951, 6.6033726, 0, -15.027828)
mesh = SubResource("QuadMesh_1t63h")
skeleton = NodePath("../../..")

[node name="GrassInstance79" type="MeshInstance3D" parent="City/Grass"]
transform = Transform3D(0.644951, 0, -0.76422393, 0, 1, 0, 0.76422393, 0, 0.644951, 11.349595, 0, -16.258736)
mesh = SubResource("QuadMesh_1t63h")
skeleton = NodePath("../../..")

[node name="GrassInstance80" type="MeshInstance3D" parent="City/Grass"]
transform = Transform3D(0.644951, 0, -0.76422393, 0, 1, 0, 0.76422393, 0, 0.644951, 11.998415, 0, -18.979527)
mesh = SubResource("QuadMesh_1t63h")
skeleton = NodePath("../../..")

[node name="GrassInstance81" type="MeshInstance3D" parent="City/Grass"]
transform = Transform3D(1, 0, 0, 0, 1, 0, 0, 0, 1, 20.04165, 1.1920929e-07, 15.335428)
mesh = SubResource("QuadMesh_1t63h")
skeleton = NodePath("../../..")

[node name="GrassInstance82" type="MeshInstance3D" parent="City/Grass"]
transform = Transform3D(1, 0, 0, 0, 1, 0, 0, 0, 1, 13.383747, -4.7683716e-07, 9.622039)
mesh = SubResource("QuadMesh_1t63h")
skeleton = NodePath("../../..")

[node name="GrassInstance83" type="MeshInstance3D" parent="City/Grass"]
transform = Transform3D(1, 0, 0, 0, 1, 0, 0, 0, 1, 14.444664, 0, 3.7140937)
mesh = SubResource("QuadMesh_1t63h")
skeleton = NodePath("../../..")

[node name="GrassInstance84" type="MeshInstance3D" parent="City/Grass"]
transform = Transform3D(1, 0, 0, 0, 1, 0, 0, 0, 1, 13.688423, 4.7683716e-07, 8.475856)
mesh = SubResource("QuadMesh_1t63h")
skeleton = NodePath("../../..")

[node name="GrassInstance85" type="MeshInstance3D" parent="City/Grass"]
transform = Transform3D(1, 0, 0, 0, 1, 0, 0, 0, 1, 12.836527, 0, 4.504238)
mesh = SubResource("QuadMesh_1t63h")
skeleton = NodePath("../../..")

[node name="GrassInstance86" type="MeshInstance3D" parent="City/Grass"]
transform = Transform3D(1, 0, 0, 0, 1, 0, 0, 0, 1, 15.763241, 0, 3.1694193)
mesh = SubResource("QuadMesh_1t63h")
skeleton = NodePath("../../..")

[node name="GrassInstance87" type="MeshInstance3D" parent="City/Grass"]
transform = Transform3D(1, 0, 0, 0, 1, 0, 0, 0, 1, 21.186094, 0, 3.3508542)
mesh = SubResource("QuadMesh_1t63h")
skeleton = NodePath("../../..")

[node name="GrassInstance88" type="MeshInstance3D" parent="City/Grass"]
transform = Transform3D(1, 0, 0, 0, 1, 0, 0, 0, 1, 18.18688, 4.7683716e-07, 6.6255064)
mesh = SubResource("QuadMesh_1t63h")
skeleton = NodePath("../../..")

[node name="GrassInstance89" type="MeshInstance3D" parent="City/Grass"]
transform = Transform3D(1, 0, 0, 0, 1, 0, 0, 0, 1, 11.648521, 0, -5.054616)
mesh = SubResource("QuadMesh_1t63h")
skeleton = NodePath("../../..")

[node name="GrassInstance90" type="MeshInstance3D" parent="City/Grass"]
transform = Transform3D(1, 0, 0, 0, 1, 0, 0, 0, 1, 9.1353855, 0, -8.592528)
mesh = SubResource("QuadMesh_1t63h")
skeleton = NodePath("../../..")

[node name="GrassInstance91" type="MeshInstance3D" parent="City/Grass"]
transform = Transform3D(1, 0, 0, 0, 1, 0, 0, 0, 1, 10.361483, 0, -12.624095)
mesh = SubResource("QuadMesh_1t63h")
skeleton = NodePath("../../..")

[node name="GrassInstance92" type="MeshInstance3D" parent="City/Grass"]
transform = Transform3D(0.644951, 0, -0.76422393, 0, 1, 0, 0.76422393, 0, 0.644951, 13.741598, 0, -5.761055)
mesh = SubResource("QuadMesh_1t63h")
skeleton = NodePath("../../..")

[node name="GrassInstance93" type="MeshInstance3D" parent="City/Grass"]
transform = Transform3D(0.644951, 0, -0.76422393, 0, 1, 0, 0.76422393, 0, 0.644951, 13.092779, 0, -3.0402632)
mesh = SubResource("QuadMesh_1t63h")
skeleton = NodePath("../../..")

[node name="GrassInstance94" type="MeshInstance3D" parent="City/Grass"]
transform = Transform3D(0.644951, 0, -0.76422393, 0, 1, 0, 0.76422393, 0, 0.644951, 12.5023365, 0, -4.138384)
mesh = SubResource("QuadMesh_1t63h")
skeleton = NodePath("../../..")

[node name="GrassInstance95" type="MeshInstance3D" parent="City/Grass"]
transform = Transform3D(0.644951, 0, -0.76422393, 0, 1, 0, 0.76422393, 0, 0.644951, 16.47607, 0, -3.3015304)
mesh = SubResource("QuadMesh_1t63h")
skeleton = NodePath("../../..")

[node name="GrassInstance96" type="MeshInstance3D" parent="City/Grass"]
transform = Transform3D(0.644951, 0, -0.76422393, 0, 1, 0, 0.76422393, 0, 0.644951, 17.520374, 0, 12.742931)
mesh = SubResource("QuadMesh_1t63h")
skeleton = NodePath("../../..")

[node name="GrassInstance97" type="MeshInstance3D" parent="City/Grass"]
transform = Transform3D(0.644951, 0, -0.76422393, 0, 1, 0, 0.76422393, 0, 0.644951, 22.95182, 0, 4.599488)
mesh = SubResource("QuadMesh_1t63h")
skeleton = NodePath("../../..")

[node name="GrassInstance98" type="MeshInstance3D" parent="City/Grass"]
transform = Transform3D(0.644951, 0, -0.76422393, 0, 1, 0, 0.76422393, 0, 0.644951, 12.745331, 0, -5.5216103)
mesh = SubResource("QuadMesh_1t63h")
skeleton = NodePath("../../..")

[node name="GrassInstance99" type="MeshInstance3D" parent="City/Grass"]
transform = Transform3D(0.644951, 0, -0.76422393, 0, 1, 0, 0.76422393, 0, 0.644951, 17.491554, 0, -6.7525177)
mesh = SubResource("QuadMesh_1t63h")
skeleton = NodePath("../../..")

[node name="GrassInstance100" type="MeshInstance3D" parent="City/Grass"]
transform = Transform3D(0.644951, 0, -0.76422393, 0, 1, 0, 0.76422393, 0, 0.644951, 18.140373, 0, -9.473309)
mesh = SubResource("QuadMesh_1t63h")
skeleton = NodePath("../../..")

[node name="GrassInstance101" type="MeshInstance3D" parent="City/Grass"]
transform = Transform3D(1, 0, 0, 0, 1, 0, 0, 0, 1, -12.787254, 0, -10.171268)
mesh = SubResource("QuadMesh_1t63h")
skeleton = NodePath("../../..")

[node name="GrassInstance102" type="MeshInstance3D" parent="City/Grass"]
transform = Transform3D(1, 0, 0, 0, 1, 0, 0, 0, 1, -14.448092, 0, -9.093022)
mesh = SubResource("QuadMesh_1t63h")
skeleton = NodePath("../../..")

[node name="GrassInstance103" type="MeshInstance3D" parent="City/Grass"]
transform = Transform3D(1, 0, 0, 0, 1, 0, 0, 0, 1, -12.787254, 0, -6.8424015)
mesh = SubResource("QuadMesh_1t63h")
skeleton = NodePath("../../..")

[node name="GrassInstance104" type="MeshInstance3D" parent="City/Grass"]
transform = Transform3D(1, 0, 0, 0, 1, 0, 0, 0, 1, -11.745146, 0, -5.7641563)
mesh = SubResource("QuadMesh_1t63h")
skeleton = NodePath("../../..")

[node name="GrassInstance105" type="MeshInstance3D" parent="City/Grass"]
transform = Transform3D(1, 0, 0, 0, 1, 0, 0, 0, 1, -10.084309, 0, -6.8424015)
mesh = SubResource("QuadMesh_1t63h")
skeleton = NodePath("../../..")

[node name="GrassInstance106" type="MeshInstance3D" parent="City/Grass"]
transform = Transform3D(1, 0, 0, 0, 1, 0, 0, 0, 1, -7.1575947, 0, -8.17722)
mesh = SubResource("QuadMesh_1t63h")
skeleton = NodePath("../../..")

[node name="GrassInstance107" type="MeshInstance3D" parent="City/Grass"]
transform = Transform3D(1, 0, 0, 0, 1, 0, 0, 0, 1, -5.4967575, 0, -9.255466)
mesh = SubResource("QuadMesh_1t63h")
skeleton = NodePath("../../..")

[node name="GrassInstance108" type="MeshInstance3D" parent="City/Grass"]
transform = Transform3D(1, 0, 0, 0, 1, 0, 0, 0, 1, -14.907647, 0, -8.17722)
mesh = SubResource("QuadMesh_1t63h")
skeleton = NodePath("../../..")

[node name="GrassInstance109" type="MeshInstance3D" parent="City/Grass"]
transform = Transform3D(1, 0, 0, 0, 1, 0, 0, 0, 1, -12.787254, 0, -12.598272)
mesh = SubResource("QuadMesh_1t63h")
skeleton = NodePath("../../..")

[node name="GrassInstance110" type="MeshInstance3D" parent="City/Grass"]
transform = Transform3D(1, 0, 0, 0, 1, 0, 0, 0, 1, -14.448092, 0, -14.848893)
mesh = SubResource("QuadMesh_1t63h")
skeleton = NodePath("../../..")

[node name="GrassInstance111" type="MeshInstance3D" parent="City/Grass"]
transform = Transform3D(1, 0, 0, 0, 1, 0, 0, 0, 1, -12.787254, 0, -16.865921)
mesh = SubResource("QuadMesh_1t63h")
skeleton = NodePath("../../..")

[node name="GrassInstance112" type="MeshInstance3D" parent="City/Grass"]
transform = Transform3D(0.644951, 0, -0.76422393, 0, 1, 0, 0.76422393, 0, 0.644951, -9.179237, 0, -17.107695)
mesh = SubResource("QuadMesh_1t63h")
skeleton = NodePath("../../..")

[node name="GrassInstance113" type="MeshInstance3D" parent="City/Grass"]
transform = Transform3D(0.644951, 0, -0.76422393, 0, 1, 0, 0.76422393, 0, 0.644951, -9.828056, 0, -14.386903)
mesh = SubResource("QuadMesh_1t63h")
skeleton = NodePath("../../..")

[node name="GrassInstance114" type="MeshInstance3D" parent="City/Grass"]
transform = Transform3D(0.644951, 0, -0.76422393, 0, 1, 0, 0.76422393, 0, 0.644951, -9.979969, 0, -12.895082)
mesh = SubResource("QuadMesh_1t63h")
skeleton = NodePath("../../..")

[node name="GrassInstance115" type="MeshInstance3D" parent="City/Grass"]
transform = Transform3D(0.644951, 0, -0.76422393, 0, 1, 0, 0.76422393, 0, 0.644951, -8.084789, 0, -12.321247)
mesh = SubResource("QuadMesh_1t63h")
skeleton = NodePath("../../..")

[node name="GrassInstance116" type="MeshInstance3D" parent="City/Grass"]
transform = Transform3D(0.644951, 0, -0.76422393, 0, 1, 0, 0.76422393, 0, 0.644951, -5.177103, 0, -10.945475)
mesh = SubResource("QuadMesh_1t63h")
skeleton = NodePath("../../..")

[node name="GrassInstance117" type="MeshInstance3D" parent="City/Grass"]
transform = Transform3D(0.644951, 0, -0.76422393, 0, 1, 0, 0.76422393, 0, 0.644951, -3.2819214, 0, -10.371638)
mesh = SubResource("QuadMesh_1t63h")
skeleton = NodePath("../../..")

[node name="GrassInstance118" type="MeshInstance3D" parent="City/Grass"]
transform = Transform3D(0.644951, 0, -0.76422393, 0, 1, 0, 0.76422393, 0, 0.644951, -10.175505, 0, -16.86825)
mesh = SubResource("QuadMesh_1t63h")
skeleton = NodePath("../../..")

[node name="GrassInstance119" type="MeshInstance3D" parent="City/Grass"]
transform = Transform3D(0.644951, 0, -0.76422393, 0, 1, 0, 0.76422393, 0, 0.644951, -5.429281, 0, -18.099157)
mesh = SubResource("QuadMesh_1t63h")
skeleton = NodePath("../../..")

[node name="GrassInstance120" type="MeshInstance3D" parent="City/Grass"]
transform = Transform3D(0.644951, 0, -0.76422393, 0, 1, 0, 0.76422393, 0, 0.644951, -4.7804623, 0, -20.819948)
mesh = SubResource("QuadMesh_1t63h")
skeleton = NodePath("../../..")

[node name="GrassInstance121" type="MeshInstance3D" parent="City/Grass"]
transform = Transform3D(1, 0, 0, 0, 1, 0, 0, 0, 1, -12.759523, 0, 17.075863)
mesh = SubResource("QuadMesh_1t63h")
skeleton = NodePath("../../..")

[node name="GrassInstance122" type="MeshInstance3D" parent="City/Grass"]
transform = Transform3D(1, 0, 0, 0, 1, 0, 0, 0, 1, -14.420362, 0, 18.15411)
mesh = SubResource("QuadMesh_1t63h")
skeleton = NodePath("../../..")

[node name="GrassInstance123" type="MeshInstance3D" parent="City/Grass"]
transform = Transform3D(1, 0, 0, 0, 1, 0, 0, 0, 1, -12.759523, 0, 20.40473)
mesh = SubResource("QuadMesh_1t63h")
skeleton = NodePath("../../..")

[node name="GrassInstance124" type="MeshInstance3D" parent="City/Grass"]
transform = Transform3D(1, 0, 0, 0, 1, 0, 0, 0, 1, -11.717415, 0, 21.482975)
mesh = SubResource("QuadMesh_1t63h")
skeleton = NodePath("../../..")

[node name="GrassInstance125" type="MeshInstance3D" parent="City/Grass"]
transform = Transform3D(1, 0, 0, 0, 1, 0, 0, 0, 1, -10.056578, 0, 20.40473)
mesh = SubResource("QuadMesh_1t63h")
skeleton = NodePath("../../..")

[node name="GrassInstance126" type="MeshInstance3D" parent="City/Grass"]
transform = Transform3D(1, 0, 0, 0, 1, 0, 0, 0, 1, -7.129864, 0, 19.069912)
mesh = SubResource("QuadMesh_1t63h")
